Instantaneous codes: gamma, delta, minimal binary, unary, Golomb

------------------------------------------------------------------------------------------------
| Number | Binary | Reduced binary | Gamma       | Delta      | Minimal binary | Golomb (5)    |
|      0 |      0 |                |           1 |          1 |          00000 |           100 |
|      1 |      1 |              0 |         010 |       0100 |          00001 |           101 |
|      2 |     10 |              1 |         011 |       0101 |          00010 |           110 |
|      3 |     11 |             00 |       00100 |      01100 |          00011 |          1110 |
|      4 |    100 |             01 |       00101 |      01101 |          00100 |          1111 |
|      5 |    101 |             10 |       00110 |      01110 |          00101 |          0100 |
|      6 |    110 |             11 |       00111 |      01111 |          00110 |          0101 |
|      7 |    111 |            000 |     0001000 |   00100000 |          00111 |          0110 |
|      8 |   1000 |            001 |     0001001 |   00100001 |          01000 |         01110 |
|      9 |   1001 |            010 |     0001010 |   00100010 |          01001 |         01111 |
|     10 |   1010 |            011 |     0001011 |   00100011 |          01010 |         00100 |
|     11 |   1011 |            100 |     0001100 |   00100100 |          01011 |         00101 |
...

credits Sebastiano Vigna @ unimi
